[(0, 189), (0, 190), [0.11, 1, array([0.25353112, 0.34317721, 0.38074632, 0.02671659, 0.06023437]), 0.8273839950561523]]
[(0, 192), (0, 193), (0, 194), (1, 194), (1, 195), (2, 194), (3, 193), (5, 191), (7, 192), [0.11, 2, array([0.1822972 , 0.23751245, 0.53528244, 0.03583657, 0.02499509]), 0.7630381650394864]]
[(0, 210), (0, 211), [0.11, 3, array([0.36881806, 0.28536096, 0.51805416, 0.01299235, 0.01322344]), 0.6230151653289795]]
[(0, 224), (0, 225), (0, 226), (1, 226), (2, 223), [0.11, 4, array([0.19590782, 0.26899977, 0.19749513, 0.17542433, 0.06229649]), -0.5361228346824646]]
[(0, 242), (0, 243), (0, 244), [0.11, 5, array([0.17625612, 0.63332466, 0.0980967 , 0.03639997, 0.02464994]), -0.11243305603663127]]
[(0, 253), (0, 254), (0, 255), (0, 256), [0.11, 6, array([0.12670146, 0.72029483, 0.03848281, 0.01148627, 0.00527507]), -0.3177233785390854]]
[(0, 285), (0, 286), (0, 287), (0, 288), (0, 289), [0.11, 7, array([0.2342643 , 0.43622325, 0.08059254, 0.02190349, 0.01681229]), -0.4628494143486023]]
[(0, 301), (0, 302), (0, 303), [0.11, 8, array([0.22203572, 0.42147966, 0.21631936, 0.07191348, 0.03129988]), -0.3658568461736043]]
[(0, 319), (0, 320), (0, 321), [0.11, 9, array([0.30823842, 0.3604257 , 0.07947509, 0.08145267, 0.07060293]), -0.32318514585494995]]
[(0, 342), (0, 343), (0, 344), (0, 345), (0, 346), (0, 347), (0, 348), (0, 349), (0, 350), (0, 351), (0, 352), (0, 353), (0, 354), (0, 355), (0, 356), (0, 357), (0, 358), (0, 359), [0.11, 10, array([0.24963411, 0.29834234, 0.43255311, 0.02267528, 0.01091555]), 0.20015881790055168]]
[(0, 370), [0.11, 11, array([0.29215175, 0.16064349, 0.5568102 , 0.09263439, 0.05420215]), 0.39953428506851196]]
[(0, 372), (0, 373), (0, 374), [0.11, 12, array([0.23997976, 0.18367459, 0.51796279, 0.1048976 , 0.05597116]), 0.15975318352381387]]
[(5, 193), (6, 193), [0.11, 13, array([0.26615506, 0.10722403, 0.29353274, 0.06999221, 0.07489543]), 0.361708402633667]]
[(12, 197), (12, 198), (12, 199), [0.11, 15, array([0.12068937, 0.1134454 , 0.1066025 , 0.02699531, 0.15512281]), -0.18940279881159464]]
[(22, 340), (27, 340), (28, 343), (29, 340), (30, 344), (31, 339), (31, 340), (32, 343), (32, 344), (33, 339), (33, 340), (35, 340), (35, 344), (36, 340), (36, 341), (36, 342), (36, 343), (36, 344), (36, 345), (37, 342), (37, 343), (37, 346), [0.9377290091731332, 20, array([7.44467990e-03, 9.65546074e-01, 7.21407809e-03, 1.08355607e-04,
       2.67860022e-04]), -0.8208889148452065]]
[(28, 366), [0.11, 24, array([0.25280005, 0.0685593 , 0.45073944, 0.01598818, 0.04640151]), 0.5660094022750854]]
[(29, 367), (30, 365), (30, 366), (30, 367), [0.11, 25, array([0.30413847, 0.05735519, 0.62943439, 0.00632281, 0.06569199]), 0.94202721118927]]
[(30, 376), [0.11, 26, array([0.12694955, 0.01569997, 0.14177653, 0.02550581, 0.16022603]), 0.12827777862548828]]
[(30, 382), (30, 391), (31, 383), (31, 385), (32, 380), (32, 381), (32, 382), (32, 386), (32, 387), (32, 390), (33, 379), (33, 380), (33, 381), (33, 382), (33, 385), (33, 386), (33, 389), (34, 379), (34, 380), (34, 381), (34, 382), (34, 383), (34, 384), (34, 385), (34, 386), (34, 387), (34, 388), (35, 380), (35, 381), (35, 382), (35, 383), (35, 384), (35, 385), (35, 386), (35, 387), (35, 389), (36, 380), (36, 381), (36, 382), (36, 383), (36, 384), (36, 386), (36, 387), (36, 388), (37, 381), (37, 382), (37, 383), (37, 384), (37, 385), (37, 388), (39, 383), [0.11, 27, array([0.02498656, 0.60497872, 0.02783311, 0.0022968 , 0.00576059]), -0.34178011791378843]]
[(37, 352), (37, 354), (38, 352), (39, 348), (40, 351), (41, 347), (41, 348), (41, 349), (41, 350), (41, 351), (41, 352), (41, 353), (42, 349), (42, 350), (42, 351), (43, 350), (43, 352), (44, 352), (44, 353), (45, 348), (45, 349), (45, 350), (45, 352), (45, 353), (46, 351), (46, 352), (46, 355), (47, 352), (48, 350), (48, 352), (48, 353), (48, 355), (48, 356), (49, 350), (49, 352), (49, 353), (49, 354), (49, 355), (49, 356), (50, 347), (50, 348), (50, 350), (50, 354), (50, 355), (51, 347), (51, 348), (51, 349), (51, 354), (52, 347), (52, 348), (52, 349), (52, 350), (53, 348), (53, 350), (54, 348), (54, 349), (54, 350), (55, 348), (55, 349), (55, 350), (56, 348), (56, 349), (56, 350), (56, 354), (56, 355), (57, 348), (57, 349), (57, 350), (57, 351), (57, 352), (57, 353), (58, 349), (58, 350), (58, 351), (58, 353), (59, 348), (59, 349), (59, 350), (59, 351), (59, 352), (59, 353), (60, 350), (60, 351), (60, 353), (60, 354), (61, 350), (61, 351), (61, 352), (61, 353), (61, 357), (62, 350), (62, 351), (62, 352), (62, 353), (62, 354), (62, 358), (63, 350), (63, 351), (63, 353), (63, 354), (63, 355), (63, 356), (64, 351), (64, 353), (64, 356), (66, 349), (66, 352), (66, 353), (66, 354), (66, 355), (66, 356), (67, 352), (68, 353), (69, 353), (69, 356), (70, 354), (70, 356), (70, 357), (71, 353), (71, 354), (71, 355), (71, 356), (71, 357), (72, 350), (72, 354), (73, 350), (73, 355), (73, 356), (74, 351), (74, 352), (74, 356), (75, 352), (75, 353), (76, 353), (76, 354), (76, 355), (76, 356), (77, 355), (77, 356), (77, 357), [0.8777925022478614, 29, array([0.00838913, 0.08264507, 0.83315037, 0.00703965, 0.00346493]), 0.49363172692911966]]
[(39, 370), (39, 371), (39, 372), (40, 370), (40, 372), (41, 370), (41, 371), [0.16348129085132054, 32, array([0.08317856, 0.00640584, 0.05908341, 0.13890305, 0.44541738]), 0.04941686562129429]]
[(41, 57), (41, 58), (42, 57), [0.11, 33, array([0.40721549, 0.01328641, 0.84912056, 0.00123599, 0.00089403]), 1.8243470191955566]]
[(58, 408), (58, 409), (58, 410), (58, 411), (59, 410), (59, 412), (59, 413), (59, 414), (59, 415), (59, 416), (59, 417), (60, 417), [0.45214030146598816, 41, array([7.74477848e-02, 8.63815437e-01, 1.00546523e-02, 1.68528005e-03,
       7.52391279e-04]), -0.7465994854768118]]
[(61, 417), (64, 416), (64, 417), [0.16090736786524454, 43, array([0.07662719, 0.78670867, 0.01891898, 0.00833493, 0.00807808]), -0.5676504174868265]]
[(65, 417), (66, 417), (67, 416), (67, 417), (68, 417), [0.11825232803821564, 51, array([0.18054091, 0.45195448, 0.14270947, 0.02147572, 0.00835747]), -0.4362449049949646]]
[(70, 78), (72, 78), (73, 78), (74, 74), (74, 77), (74, 78), (75, 77), (75, 78), (76, 77), (77, 77), (77, 78), (78, 77), (78, 78), (79, 77), (80, 77), (81, 77), (82, 77), (83, 77), (84, 77), (85, 77), (86, 77), (86, 78), (87, 77), (87, 78), (88, 73), (88, 77), (88, 78), (89, 76), (89, 77), (89, 78), (90, 77), (92, 77), (93, 76), (93, 77), (94, 77), (97, 77), (98, 77), (99, 77), (100, 77), (101, 77), (102, 77), (103, 76), (103, 77), (104, 77), (105, 77), (106, 77), (107, 77), (108, 75), [0.4335475358044884, 53, array([0.04820535, 0.01194229, 0.97857715, 0.00127329, 0.00099204]), 2.8104049066702523]]
[(83, 82), (83, 91), (84, 81), (84, 91), (85, 90), (85, 91), (85, 92), (86, 90), (86, 92), (87, 89), (87, 91), (88, 91), (88, 92), (89, 91), (89, 92), (90, 90), (90, 91), (90, 92), (91, 91), (93, 91), (94, 90), (94, 91), (95, 91), (95, 92), (95, 94), (96, 90), (96, 91), (96, 93), (96, 94), (97, 91), (97, 92), (97, 93), (98, 88), (98, 90), (98, 91), (98, 92), (98, 93), (99, 88), (99, 89), (99, 91), (99, 92), (100, 88), (100, 91), (100, 92), (101, 91), (102, 91), (102, 92), (103, 91), (104, 91), (104, 92), (105, 91), (105, 92), (106, 91), (106, 92), (106, 93), (107, 83), (107, 85), (107, 91), (107, 92), (108, 79), (108, 80), (108, 81), (108, 82), (108, 84), (108, 85), (108, 86), (108, 87), (108, 88), (108, 89), (108, 90), (108, 91), (108, 92), (109, 88), (109, 89), (109, 90), (109, 91), (109, 92), [0.7003306370567192, 61, array([3.61649241e-02, 4.27509128e-02, 9.47569653e-01, 8.55338690e-04,
       1.18251776e-03]), 1.9301758029244163]]
[(83, 510), (83, 511), [0.11, 63, array([0.16306952, 0.52699786, 0.30764449, 0.0022637 , 0.00703776]), 0.9319213032722473]]
[(100, 378), (101, 377), (101, 378), (102, 378), [0.2191435545682907, 72, array([0.16358428, 0.0070434 , 0.0259214 , 0.3029219 , 0.43835615]), -0.4755796194076538]]
[(101, 61), (102, 61), (102, 62), (102, 63), [0.13318550772964954, 73, array([0.1920908 , 0.15949114, 0.50208173, 0.00372527, 0.00886339]), 1.958203375339508]]
[(101, 66), [0.2919100224971771, 74, array([0.1154801 , 0.10136343, 0.80103177, 0.00313563, 0.01045914]), 2.2638988494873047]]
[(106, 378), (107, 378), (109, 377), (109, 378), (110, 377), (110, 378), (111, 377), (111, 378), (111, 380), (112, 376), (112, 377), (112, 378), (113, 377), (114, 377), (115, 377), (116, 377), (117, 377), [0.2326868605964324, 77, array([0.10613744, 0.00765826, 0.93560226, 0.00428665, 0.00582824]), 1.2354593802900875]]
[(114, 386), (114, 387), (114, 388), (116, 391), (117, 386), (117, 390), (117, 397), (118, 384), (118, 387), (118, 388), (118, 390), (118, 396), (118, 397), (119, 387), (119, 393), (119, 395), (119, 400), (120, 388), (120, 389), (120, 390), (120, 391), (120, 393), (120, 394), (120, 395), (120, 396), (120, 400), (121, 386), (121, 387), (121, 389), (121, 391), (121, 393), (121, 394), (121, 398), (122, 385), (122, 386), (122, 387), (122, 390), (122, 391), (122, 392), (122, 393), (122, 394), (122, 395), (122, 396), (123, 385), (123, 386), (123, 388), (123, 390), (123, 393), (123, 394), (123, 395), (123, 396), (123, 397), (124, 386), (124, 392), (124, 393), (124, 394), (125, 392), (125, 393), (125, 394), (125, 395), (125, 397), (125, 400), (125, 401), (126, 392), (126, 394), (126, 395), (126, 396), (126, 397), (126, 398), (127, 391), (127, 392), (127, 393), (127, 394), (127, 395), (127, 396), (127, 397), (127, 400), (128, 394), (128, 395), (128, 396), (128, 397), (129, 395), (129, 397), (129, 398), (130, 396), (130, 397), (130, 398), (131, 396), (131, 397), [0.21554385770237847, 83, array([4.61875964e-02, 1.37481614e-02, 9.74837038e-01, 7.50717605e-04,
       9.41544423e-04]), 1.8749963982721394]]
[(114, 483), (116, 480), (116, 481), (116, 482), (117, 477), (118, 478), (118, 479), (119, 476), (119, 477), (119, 481), (119, 482), (119, 483), (119, 484), (120, 484), (121, 477), (121, 479), (121, 481), (122, 473), (122, 474), (122, 491), (123, 471), (123, 472), (123, 475), (123, 476), (123, 478), (123, 486), (123, 487), (124, 473), (124, 474), (124, 477), (124, 478), (124, 483), (124, 491), (125, 437), (125, 439), (125, 444), (125, 474), (125, 476), (125, 477), (125, 478), (125, 480), (125, 482), (125, 483), (125, 486), (125, 488), (126, 444), (126, 446), (126, 447), (126, 449), (126, 475), (126, 484), (126, 487), (127, 450), (127, 451), (127, 452), (127, 453), (127, 460), (127, 462), (127, 463), (127, 464), (127, 475), (127, 481), (127, 484), (127, 485), (127, 488), (128, 462), (128, 465), (128, 466), (128, 468), (128, 469), (128, 470), (128, 475), (128, 484), (128, 486), (128, 488), (129, 449), (129, 474), (129, 482), (129, 484), (129, 485), (129, 486), (129, 488), (129, 489), (130, 476), (130, 479), (130, 483), (130, 485), (130, 486), (131, 437), (131, 470), (131, 475), (132, 468), (132, 470), (133, 428), (133, 430), (133, 431), (133, 432), (133, 433), (133, 435), (133, 436), (133, 437), (133, 438), (133, 439), (133, 440), (133, 443), (133, 470), (134, 432), (134, 435), (134, 436), (134, 437), (134, 438), (134, 439), (134, 440), (134, 441), (134, 442), (134, 443), (134, 444), (134, 449), (134, 450), (134, 451), (134, 452), (134, 453), (134, 454), (134, 455), (134, 456), (134, 457), (134, 458), (134, 459), (135, 449), (135, 450), (135, 451), (135, 452), (135, 453), (135, 454), (135, 455), (135, 456), (135, 457), (135, 458), (135, 459), (135, 460), (135, 461), (135, 462), (135, 463), (135, 464), (135, 465), (135, 467), (135, 469), (135, 481), (136, 461), (136, 462), (136, 463), (136, 466), (136, 467), (136, 468), (136, 470), (136, 471), (136, 472), (136, 474), (136, 475), (136, 476), (136, 477), (136, 478), (136, 479), (136, 481), (137, 473), (137, 478), (137, 480), (137, 481), [0.7852275059004092, 84, array([1.45617528e-02, 9.26369843e-03, 9.86246263e-01, 5.52942695e-04,
       3.20942993e-04]), 1.9093048459007627]]
[(119, 405), (123, 405), (123, 406), (123, 407), (124, 407), [0.48841108083724977, 86, array([0.15246765, 0.08021318, 0.67404886, 0.01382319, 0.00844977]), 1.4908825874328613]]
[(122, 55), (122, 56), (122, 58), (122, 59), (122, 60), (122, 61), (122, 62), (123, 54), (123, 55), (124, 54), (124, 55), (124, 56), (124, 57), (125, 54), (125, 55), (125, 57), (126, 54), (129, 54), (129, 55), (131, 56), (131, 57), (132, 56), (132, 67), (133, 56), (145, 69), (152, 67), (152, 68), (163, 76), (164, 75), (164, 76), (165, 75), (165, 76), [0.4246879294005339, 89, array([0.11959224, 0.022926  , 0.92440608, 0.0054459 , 0.01403608]), 2.203083910048008]]
[(122, 72), (122, 73), (123, 72), (123, 73), (123, 74), (124, 72), (124, 73), (125, 72), (126, 72), (126, 73), (127, 72), (127, 73), (127, 76), (128, 71), (128, 72), (128, 73), (129, 71), (129, 72), (130, 72), (131, 72), (132, 71), (132, 72), (132, 77), (133, 72), (134, 72), (134, 77), (135, 70), (135, 72), (136, 71), (136, 72), (136, 77), (137, 71), (137, 72), (138, 71), (138, 72), (139, 71), (139, 72), (140, 71), (141, 71), (142, 71), (142, 72), (142, 76), (143, 71), (143, 72), (144, 71), (144, 72), (145, 71), (145, 72), (146, 71), (146, 72), (147, 71), (147, 72), (148, 71), (148, 72), (155, 75), (157, 76), (158, 76), (161, 76), (162, 76), [0.2004198549015416, 90, array([0.09275595, 0.00605714, 0.97970361, 0.00966124, 0.00533891]), 2.340187666779858]]
[(126, 511), (127, 511), (128, 511), (129, 510), (129, 511), (130, 510), (130, 511), (131, 510), (131, 511), [0.11, 93, array([0.13591709, 0.39469507, 0.38906966, 0.00199596, 0.00585423]), 1.5339451101091173]]
[(132, 57), (133, 57), [0.5008740574121475, 96, array([0.1179268 , 0.01659357, 0.94951698, 0.00657038, 0.00676581]), 2.1948553323745728]]
[(134, 510), (134, 511), (135, 510), (135, 511), [0.11, 98, array([0.13592008, 0.33941574, 0.38813888, 0.00268363, 0.00626424]), 1.4379428625106812]]
[(135, 0), (138, 0), (139, 0), (140, 0), (141, 0), (142, 0), (143, 0), (144, 0), (145, 0), (146, 0), (147, 0), (148, 0), (149, 0), (150, 0), (151, 0), [0.11, 99, array([0.37373483, 0.23531845, 0.29687347, 0.00291875, 0.00722953]), 1.1529765685399374]]
[(137, 493), (137, 494), (137, 496), (138, 494), (138, 495), (138, 496), [0.11, 102, array([0.04625678, 0.41328397, 0.13255231, 0.00350772, 0.00143793]), 1.0445483724276226]]
[(138, 510), (138, 511), (139, 510), (139, 511), [0.11, 105, array([0.12660261, 0.27869536, 0.30036404, 0.00645798, 0.01594055]), 1.2276787906885147]]
[(141, 510), (141, 511), [0.11, 106, array([0.16773404, 0.46027   , 0.29565728, 0.00932627, 0.01574838]), 1.037749707698822]]
[(151, 510), (151, 511), [0.11, 118, array([0.07985147, 0.73951292, 0.10496146, 0.00156169, 0.00274941]), 1.1728496253490448]]
[(154, 0), (155, 0), (156, 0), (157, 0), [0.11, 120, array([0.38142268, 0.23436701, 0.35814098, 0.00271104, 0.00887738]), 1.1242507696151733]]
[(155, 341), (156, 341), (157, 341), (157, 346), (158, 341), (158, 347), (159, 341), (160, 341), (161, 341), (161, 342), (162, 341), (162, 342), (162, 343), (163, 341), (163, 343), (164, 341), (164, 344), (165, 341), (166, 343), (167, 341), (167, 343), (168, 341), (168, 342), (169, 341), (169, 342), (169, 343), (169, 344), (170, 341), (170, 342), (170, 344), (171, 341), (171, 342), (171, 344), (171, 345), (171, 346), (171, 347), (172, 342), (172, 343), (172, 344), (172, 345), (172, 346), (172, 347), (173, 344), (173, 345), (173, 346), [0.9911122692955865, 121, array([4.49079653e-04, 9.99014533e-01, 1.40488147e-04, 3.16541885e-06,
       3.88849488e-05]), -0.6463320758607652]]
[(159, 365), (159, 366), (160, 365), (160, 366), (161, 365), (161, 366), (161, 367), (162, 365), (162, 366), (162, 368), (163, 365), (163, 366), (163, 368), (164, 365), (164, 366), (164, 368), (165, 365), (165, 366), (165, 368), (166, 365), (166, 366), (166, 368), (167, 365), (167, 366), (167, 368), (168, 365), (168, 366), (168, 368), (169, 365), (169, 366), (169, 368), (170, 365), (170, 366), (170, 368), (170, 369), (170, 371), (171, 365), (171, 366), (171, 367), (171, 370), (171, 371), (172, 365), (172, 366), (172, 367), (172, 368), (172, 369), (172, 370), (172, 371), (172, 372), (173, 366), (173, 367), (173, 368), (173, 369), (173, 370), (173, 371), (174, 365), [0.9968976303935051, 122, array([4.71740622e-04, 9.99131658e-01, 1.81696811e-04, 3.22644263e-06,
       4.02068224e-06]), 0.6443387983100755]]
[(162, 460), (163, 460), (163, 461), (164, 455), (164, 461), (165, 457), (165, 458), (165, 461), (166, 455), (166, 456), (166, 457), (166, 458), (166, 460), (167, 455), (167, 456), (167, 458), (167, 459), (167, 460), (168, 454), (168, 455), (169, 454), (169, 460), (169, 461), (170, 454), (170, 457), (170, 460), (170, 465), (171, 456), (171, 457), (172, 454), (172, 455), (173, 461), (174, 453), (174, 459), (174, 463), (175, 453), (175, 455), (176, 451), (176, 452), (176, 455), (177, 449), (177, 452), (177, 454), (177, 455), (177, 466), (178, 448), (178, 450), (178, 453), (178, 454), (178, 466), (178, 467), (179, 448), (179, 449), (179, 450), (179, 466), (179, 467), (179, 470), (180, 449), (180, 450), (180, 469), (181, 447), (181, 450), (181, 451), (181, 452), (181, 453), (181, 454), (181, 455), (182, 446), (182, 447), (183, 446), (183, 448), (183, 449), (183, 450), (183, 451), (183, 457), (184, 450), (184, 452), (184, 455), (184, 456), (184, 458), (184, 459), (185, 449), (185, 450), (185, 452), (185, 456), (185, 458), (186, 449), (186, 452), (186, 458), (186, 460), (187, 452), (187, 458), (187, 459), (188, 451), (188, 452), (189, 445), (189, 452), (190, 444), (190, 445), (190, 450), (190, 451), (190, 452), (190, 455), (190, 456), (191, 444), (191, 450), (191, 456), (192, 445), (192, 447), (192, 448), (192, 449), (192, 451), (193, 444), (193, 445), (193, 448), (193, 449), (193, 451), (194, 444), (194, 445), (194, 449), (194, 451), (194, 457), (195, 443), (195, 444), (195, 445), (195, 448), (195, 452), (195, 456), (195, 457), (196, 443), (196, 444), (196, 445), (196, 446), (196, 448), (196, 449), (196, 451), (196, 456), (197, 444), (197, 446), (197, 447), (197, 448), (198, 442), (198, 443), (198, 445), (198, 446), (198, 447), (198, 448), (198, 450), (198, 454), (199, 442), (199, 443), (199, 444), (199, 445), (199, 446), (199, 447), (199, 450), (199, 453), (199, 454), (200, 442), (200, 445), (201, 442), (201, 443), (201, 444), (201, 447), (202, 444), (202, 445), (202, 448), (203, 443), (203, 445), (203, 447), (203, 448), (204, 443), (204, 449), (205, 450), [0.9505145775860754, 125, array([7.23357848e-03, 1.40740787e-02, 9.84027828e-01, 6.91822718e-04,
       7.85545841e-04]), 1.8822122778015575]]
[(177, 343), (177, 345), (178, 343), (178, 344), (179, 342), (179, 343), (179, 344), (180, 342), (180, 343), (180, 344), (180, 345), (181, 342), (181, 343), (181, 344), (181, 345), (181, 346), (181, 347), (182, 342), (182, 343), (182, 344), (182, 346), (182, 347), (183, 342), (183, 343), (183, 344), (183, 345), (183, 347), (183, 348), (183, 349), (184, 342), (184, 343), (184, 344), (184, 346), (184, 348), (184, 349), (185, 342), (185, 343), (185, 344), (185, 345), (185, 348), (186, 342), (186, 343), (186, 345), (186, 348), (187, 342), (187, 343), (187, 344), (187, 345), (187, 346), (187, 347), (187, 348), (187, 349), (188, 342), (188, 343), (188, 344), (188, 345), (189, 342), (189, 343), (189, 349), (190, 342), (190, 343), (190, 344), (190, 349), (191, 342), (191, 343), (191, 344), (191, 345), (191, 349), (192, 342), (192, 343), (192, 344), (192, 345), (192, 349), (193, 342), (193, 343), (193, 344), (193, 345), (193, 346), (193, 347), (193, 348), (193, 349), (194, 342), (194, 343), (194, 346), (194, 348), (194, 349), (195, 342), (195, 343), (195, 344), (195, 345), (195, 346), (195, 347), (195, 348), (195, 349), [0.9914634741367178, 144, array([6.24201568e-05, 9.99560189e-01, 1.38695480e-04, 1.19427274e-06,
       3.80017132e-06]), -0.24247376779292493]]
[(179, 472), (181, 468), (182, 468), (183, 467), (184, 465), (184, 466), (184, 468), (184, 470), (185, 467), (185, 468), (186, 469), (187, 468), [0.3446351115902265, 146, array([0.04378697, 0.03058517, 0.94340066, 0.0126428 , 0.00449135]), 1.3954838911692302]]
[(180, 477), (181, 475), (181, 476), (182, 473), (183, 471), (183, 472), (183, 473), (184, 473), (184, 474), (185, 473), (185, 474), (186, 473), (186, 474), (186, 475), (187, 474), (187, 475), (188, 475), (188, 476), [0.5982944046457609, 148, array([0.07110832, 0.04041777, 0.85883044, 0.01258746, 0.00778296]), 0.9401968518892924]]
[(186, 510), (186, 511), (187, 510), (187, 511), (188, 510), (188, 511), (189, 510), (189, 511), (190, 510), (190, 511), (192, 510), (192, 511), (193, 510), (193, 511), [0.11, 160, array([6.33973828e-02, 8.19608569e-01, 7.75409059e-02, 1.28522299e-03,
       7.92954681e-04]), 1.159372580902917]]
[(199, 81), (199, 82), (200, 81), (200, 82), (201, 81), (201, 82), (202, 81), (202, 82), (203, 81), (204, 81), (205, 81), [0.18705346977168863, 171, array([0.29838205, 0.09161519, 0.45455406, 0.00100702, 0.00137309]), 1.886975266716697]]
[(199, 480), (207, 469), (208, 456), (208, 457), (208, 470), (209, 463), (209, 468), (209, 469), (209, 470), (210, 452), (210, 462), (210, 467), (211, 453), (211, 462), (211, 466), (211, 468), (212, 452), (212, 453), (212, 454), (212, 455), (212, 464), (212, 465), (213, 454), (213, 455), (213, 456), (213, 463), (213, 465), (213, 466), (214, 456), (214, 463), (214, 464), (214, 468), (215, 452), (215, 453), (215, 462), (215, 463), (215, 465), (216, 450), (216, 451), (216, 452), (216, 453), (216, 462), (216, 463), (216, 464), (217, 451), (217, 452), (217, 453), (217, 455), (217, 456), (217, 458), (217, 462), (218, 450), (218, 451), (218, 453), (218, 454), (218, 456), (218, 457), (218, 458), (218, 459), (219, 450), (219, 451), (219, 453), (219, 454), (219, 455), (219, 456), (219, 457), (219, 458), (220, 449), (220, 451), (220, 452), (220, 453), (220, 454), (220, 455), (220, 457), (220, 458), (221, 449), (221, 451), (221, 453), (221, 454), (221, 457), (221, 458), (222, 449), (222, 452), (222, 453), (222, 455), (222, 458), (222, 460), (222, 461), (223, 449), (223, 451), (223, 452), (223, 455), (223, 458), (223, 459), (224, 449), (224, 454), (224, 458), (224, 459), (225, 447), (225, 448), (225, 449), (225, 450), (225, 451), (225, 456), (225, 458), (226, 446), (226, 447), (226, 449), (226, 451), (226, 452), (226, 458), (226, 459), (227, 445), (227, 446), (227, 447), (227, 452), (227, 454), (227, 459), (228, 445), (228, 446), (228, 447), (228, 453), (228, 455), (229, 446), (229, 447), (229, 448), (229, 449), (229, 455), (229, 457), (230, 447), (230, 448), (230, 449), (230, 453), (230, 455), (230, 456), (230, 457), (230, 459), (231, 449), (231, 455), (231, 456), (231, 459), (232, 447), (232, 448), (233, 448), (233, 449), (233, 450), (233, 451), (236, 450), (236, 451), [0.8488502140663214, 173, array([0.01919312, 0.01587216, 0.97585584, 0.00251667, 0.00124738]), 1.8804691273894085]]
[(229, 367), (229, 368), (230, 367), (231, 367), (231, 368), (231, 369), (232, 367), (232, 368), (233, 367), (233, 369), (234, 367), (234, 368), (235, 366), (235, 367), (235, 368), (236, 367), (236, 368), (237, 367), (237, 368), (238, 367), (238, 368), (239, 367), (239, 368), (239, 369), (240, 367), (240, 368), (241, 367), (241, 368), (242, 367), (242, 368), (242, 369), (243, 368), (243, 369), (244, 368), (245, 368), (247, 369), [0.9302990726298757, 201, array([8.51508028e-03, 9.89517205e-01, 2.52604111e-03, 8.48514053e-05,
       2.30352723e-05]), 0.06260653916332456]]
[(238, 397), (238, 399), (239, 396), (239, 397), (239, 398), (239, 399), (239, 400), (239, 406), (240, 395), (240, 396), (240, 397), (240, 398), (240, 399), (240, 405), (241, 395), (241, 396), (241, 398), (241, 405), (241, 406), (242, 395), (242, 396), (242, 398), (243, 395), (243, 396), (243, 397), (243, 398), (244, 393), (244, 394), (244, 395), (244, 396), (244, 397), (245, 392), (245, 393), (245, 394), (246, 391), (246, 392), (246, 393), (246, 394), (246, 396), (247, 391), (247, 393), (247, 396), (247, 397), (248, 391), (248, 393), (248, 396), (248, 397), (248, 398), (249, 392), (249, 395), (249, 397), (249, 402), (250, 393), (250, 397), (250, 400), (251, 393), (251, 395), (251, 396), (251, 397), (251, 398), (252, 390), (252, 393), (252, 395), (252, 399), (252, 400), (253, 391), (253, 393), (254, 391), [0.14252947146237335, 211, array([0.06610103, 0.70882138, 0.10689305, 0.00204   , 0.00241683]), 1.5331542509443619]]
[(239, 144), (240, 142), (240, 143), (241, 142), (242, 142), (242, 143), (242, 144), (242, 145), (242, 146), (243, 140), (243, 141), (243, 142), (243, 143), (243, 146), (244, 141), (244, 142), (244, 143), (244, 144), (245, 141), (245, 142), (245, 147), (246, 142), (247, 147), [0.22828096410502557, 212, array([8.06680968e-02, 8.61899552e-01, 1.98388930e-02, 2.44418631e-04,
       5.06606189e-04]), 0.6155548393726349]]
[(253, 370), (253, 374), (254, 370), (254, 371), (254, 374), (255, 370), (255, 371), (255, 372), (255, 373), (256, 369), (256, 370), (256, 371), (256, 372), (257, 369), (257, 370), (257, 371), (257, 372), (257, 376), (258, 370), (258, 371), (259, 369), (261, 377), (262, 373), (262, 376), (264, 373), (265, 372), (266, 372), (267, 372), (267, 375), (268, 372), (268, 374), (269, 374), (270, 374), (275, 375), (276, 375), [0.16322762189166887, 223, array([0.1184948 , 0.755556  , 0.07861427, 0.00175335, 0.00194541]), 1.341683976990836]]
[(254, 122), (255, 117), (255, 125), (256, 117), (257, 117), (258, 117), [0.27079125742117566, 224, array([0.15314204, 0.82874402, 0.01063739, 0.0025349 , 0.00105943]), -0.8795190850893656]]
[(255, 159), (255, 160), (255, 161), (255, 162), (255, 165), (255, 167), (255, 168), (255, 169), (255, 170), (255, 171), (255, 172), (255, 174), (255, 175), (255, 177), (255, 179), (256, 159), (256, 166), (256, 167), (256, 168), (256, 169), (256, 170), (256, 171), (256, 172), (256, 174), (256, 175), (256, 176), (256, 177), (256, 178), (256, 179), (256, 180), (256, 181), (257, 180), [0.10534580214880407, 225, array([1.29420504e-01, 7.82194376e-01, 1.32547925e-02, 1.17987933e-03,
       4.46386948e-04]), -0.9698419477790594]]
[(266, 89), (267, 89), (268, 89), (268, 90), (268, 91), (268, 95), (269, 89), (269, 90), (270, 89), (270, 90), (270, 91), (271, 89), (272, 89), (273, 89), (273, 90), (274, 89), (274, 90), (274, 91), (275, 90), (276, 89), [0.12330942762782797, 236, array([0.10757564, 0.20515413, 0.02015214, 0.61597338, 0.03396731]), -1.1360568404197693]]
[(281, 392), (281, 394), (281, 398), (282, 392), (282, 393), (283, 388), (284, 381), (284, 382), (284, 383), (284, 388), (284, 397), (285, 381), (285, 382), (285, 384), (285, 386), (285, 387), (285, 390), (286, 383), (286, 384), (286, 385), (286, 387), (287, 381), (287, 383), (287, 386), (287, 387), (288, 383), (288, 387), [0.4769662762129748, 257, array([1.76600534e-02, 9.49502084e-01, 2.73184221e-02, 3.45603803e-04,
       1.64309667e-04]), 1.5961953313262374]]
[(284, 254), (284, 255), (284, 256), (284, 257), (284, 258), (285, 254), (285, 255), (285, 256), (285, 257), (285, 258), (286, 254), (286, 255), (286, 256), (286, 257), (287, 255), (287, 256), [0.2502967840991914, 260, array([0.1974579 , 0.04498725, 0.00056611, 0.43540478, 0.25934907]), -0.3611559644341469]]
[(292, 321), (292, 322), (293, 321), (293, 322), (294, 321), (294, 322), [0.3113018622001012, 270, array([6.92714378e-02, 5.88834185e-03, 6.42450652e-04, 2.10558632e-02,
       9.11856552e-01]), -0.111566295226415]]
[(297, 374), (297, 375), (297, 378), (298, 375), (298, 378), (298, 379), (298, 381), (299, 376), (299, 379), (300, 382), (300, 384), (301, 379), (301, 382), (302, 378), (302, 380), (302, 381), (302, 382), (304, 382), (304, 383), (306, 383), [0.8068418189883232, 278, array([1.47348053e-02, 9.83272117e-01, 2.91199108e-03, 9.86282511e-05,
       6.26390114e-05]), 1.7144879937171935]]
[(308, 392), (309, 392), (310, 386), (310, 387), (310, 392), (310, 393), (310, 394), (310, 395), (311, 384), (311, 385), (311, 386), (311, 387), (311, 391), (311, 392), (311, 395), (311, 396), (312, 384), (312, 386), (312, 388), (312, 389), (312, 391), (312, 393), (312, 394), (312, 395), (313, 384), (313, 386), (313, 393), (313, 396), (314, 383), (314, 385), (314, 386), (314, 388), (314, 389), (314, 396), (314, 398), (315, 382), (315, 385), (315, 387), (315, 388), (315, 390), (315, 397), (316, 382), (316, 383), (316, 384), (316, 385), (316, 386), (316, 389), (316, 390), (317, 383), (317, 384), (317, 385), (317, 391), (318, 385), (318, 393), (319, 391), (319, 392), (319, 396), [0.7046304826150861, 290, array([0.02559686, 0.79401755, 0.15740518, 0.00262133, 0.00142733]), 1.6820624543909442]]
[(311, 346), (311, 348), (312, 342), (312, 343), (312, 344), (312, 345), (312, 346), (312, 347), (312, 348), (313, 342), (313, 343), (313, 344), (313, 345), (313, 346), (313, 347), (313, 348), (314, 342), (314, 343), (314, 345), (314, 346), (314, 347), (315, 342), (315, 344), (315, 345), (315, 347), (316, 342), (316, 343), (316, 344), (316, 347), (317, 342), (317, 343), (317, 347), (318, 342), (318, 343), (319, 342), (319, 345), (320, 342), (320, 343), (320, 347), (321, 342), (321, 343), (321, 347), (322, 342), (322, 343), (322, 344), (322, 347), (323, 342), (323, 343), (323, 344), (323, 345), (323, 346), (323, 347), (324, 342), (324, 343), (324, 345), (324, 346), (324, 347), (325, 342), (325, 343), (325, 344), (325, 345), (325, 346), (326, 342), (326, 343), (326, 346), (327, 342), (327, 343), (327, 344), (327, 346), (328, 342), (328, 343), (328, 344), (328, 346), (329, 342), (329, 343), (329, 345), (330, 343), (330, 344), (330, 345), [0.9815459077871298, 296, array([7.68967021e-05, 9.99728777e-01, 6.46202476e-05, 5.62313678e-07,
       6.37751027e-06]), 0.029044693783868716]]
[(336, 0), (337, 0), (338, 0), (339, 0), (340, 0), (341, 0), (342, 0), [0.11, 329, array([0.30340016, 0.3092452 , 0.2975678 , 0.00432343, 0.0072682 ]), 1.0330500773021154]]
[(339, 258), (340, 254), (340, 255), (340, 256), (340, 257), (340, 258), (340, 259), (340, 260), (340, 261), (341, 254), (341, 255), (341, 256), (341, 257), (341, 258), (341, 259), (341, 260), (341, 261), (342, 254), (342, 255), (342, 256), (342, 257), (342, 258), (342, 259), (342, 260), (342, 261), (343, 255), (343, 256), (343, 257), (343, 259), (343, 260), (344, 254), (344, 256), (344, 257), (344, 258), (344, 259), (344, 260), (344, 261), (347, 257), (347, 258), (347, 259), (347, 260), (347, 261), (348, 255), (348, 256), (348, 257), (351, 254), (351, 262), [0.9928726807553717, 332, array([8.99875869e-04, 9.88551132e-01, 5.46260979e-03, 7.08218958e-06,
       1.35393392e-05]), 0.32209629137465295]]
[(342, 117), (345, 108), (345, 109), (346, 109), (346, 110), (346, 116), (346, 117), (347, 108), (347, 109), (347, 110), (347, 113), (347, 115), (347, 116), [0.3122632216948729, 334, array([9.21597822e-02, 8.75664207e-01, 2.74503018e-02, 5.71349562e-04,
       4.21606056e-04]), 0.24846907303883478]]
[(344, 0), [0.11, 335, array([0.21762025, 0.4230909 , 0.17873141, 0.02926182, 0.01757954]), 0.48924392461776733]]
[(344, 347), (344, 348), (345, 343), (345, 344), (345, 345), (345, 346), (345, 347), (345, 348), (345, 349), (346, 343), (346, 344), (346, 345), (346, 346), (346, 347), (346, 348), (346, 349), (346, 350), (347, 343), (347, 344), (348, 343), (348, 344), (348, 349), (349, 343), (349, 344), (350, 343), (350, 344), (351, 343), (351, 344), (352, 343), (352, 344), (352, 349), (352, 350), (353, 343), (353, 344), (353, 349), (354, 343), (354, 344), (355, 343), (355, 344), (355, 349), (356, 343), (356, 344), (356, 348), (357, 343), (357, 344), (357, 348), (357, 349), (358, 343), (358, 344), (358, 348), (359, 343), (359, 344), (359, 348), (360, 343), (360, 344), (360, 348), (360, 350), (360, 351), (361, 344), (361, 347), (361, 348), (361, 350), (362, 347), (363, 348), (364, 347), [0.9614355472417978, 337, array([1.21244216e-03, 8.95094456e-01, 9.15082318e-02, 4.70552498e-06,
       1.14076158e-04]), 0.2626127508970407]]
[(348, 95), (349, 94), (349, 95), (350, 96), (351, 94), (351, 96), (352, 96), (354, 87), [0.42873118072748184, 339, array([0.05584744, 0.93773358, 0.00570952, 0.0011511 , 0.00140004]), 0.017126597464084625]]
[(349, 375), (350, 371), (350, 373), (350, 374), (350, 375), (351, 373), (351, 374), (351, 376), (351, 378), (352, 374), (353, 378), (354, 383), [0.42168064912160236, 340, array([6.06124460e-02, 8.71395826e-01, 2.54827423e-02, 4.47877564e-04,
       3.46490478e-04]), 1.5641546249389648]]
[(351, 0), [0.11, 341, array([0.28898194, 0.41167656, 0.1690878 , 0.02036347, 0.03880484]), 0.7393898963928223]]
[(351, 356), [0.3033331334590912, 342, array([0.07980538, 0.08018878, 0.81664908, 0.0014447 , 0.00142145]), 1.0774600505828857]]
[(351, 360), (351, 362), (351, 363), (352, 357), (352, 359), (352, 360), (352, 361), (352, 362), (353, 356), (353, 357), (353, 358), (353, 359), (353, 360), (353, 361), (353, 362), (354, 355), (354, 356), (354, 357), (354, 358), (354, 359), (355, 355), (355, 356), (355, 357), (356, 356), (356, 357), (357, 356), (358, 353), (358, 354), (358, 356), (359, 352), (359, 356), (359, 364), (360, 352), (360, 353), (360, 355), (360, 356), (360, 357), (360, 358), (361, 351), (361, 352), (361, 353), (361, 354), (361, 355), (361, 356), (361, 364), (362, 350), (362, 351), (362, 352), (362, 354), (362, 357), (362, 360), (363, 349), (363, 350), (363, 351), (363, 352), (363, 356), (363, 357), (364, 348), (364, 349), (364, 350), (364, 351), (364, 352), (364, 357), (365, 347), (365, 349), (365, 350), (365, 351), (365, 352), (365, 353), (366, 349), (366, 350), (366, 351), (366, 352), (366, 354), (367, 348), (367, 349), (367, 350), (367, 351), (367, 352), (368, 347), (368, 348), (368, 349), (368, 350), (368, 351), (368, 352), (368, 353), (369, 346), (369, 347), (369, 348), (369, 349), (369, 350), (369, 351), (369, 352), (369, 353), (370, 346), (370, 347), (370, 348), (370, 349), (370, 350), (370, 351), (370, 352), (370, 354), (371, 348), (371, 349), (371, 351), (371, 352), (371, 353), (371, 354), (372, 347), (372, 348), (372, 349), (372, 351), (372, 352), (372, 353), (372, 354), (373, 347), (373, 348), (373, 351), (373, 353), (374, 347), (374, 351), (374, 352), (374, 353), (374, 354), (375, 351), (375, 352), (375, 353), (375, 354), (376, 353), (376, 354), (377, 354), [0.6852825127030147, 343, array([0.02999853, 0.00918438, 0.97644456, 0.00288061, 0.009822  ]), 1.3168627205695815]]
[(352, 355), [0.17019034922122955, 344, array([0.05620872, 0.08600685, 0.88631594, 0.00103791, 0.00178016]), 1.1376914978027344]]
[(354, 84), (355, 86), (356, 86), (357, 86), (358, 86), (359, 84), (360, 86), [0.3082002124616078, 346, array([8.19838813e-02, 8.74229567e-01, 1.26321757e-02, 1.07951076e-03,
       6.08589089e-04]), 0.6704981412206378]]
[(375, 350), [0.6352795958518982, 362, array([0.05315907, 0.00203044, 0.90454477, 0.07980967, 0.02409426]), 0.8163864612579346]]
[(376, 138), (377, 132), (377, 134), (377, 137), (378, 134), (378, 135), (378, 136), (379, 136), [0.10364573542028666, 363, array([0.13303159, 0.84912056, 0.00560019, 0.0204118 , 0.00339527]), -0.6582063883543015]]
[(376, 348), (376, 349), (376, 350), (377, 345), (377, 346), (377, 347), (377, 348), (377, 349), (377, 350), (378, 344), (378, 345), (378, 347), (378, 348), (378, 349), (378, 350), (378, 351), (378, 352), (379, 344), (379, 345), (379, 349), (379, 350), (379, 351), (379, 354), (380, 344), (380, 345), (380, 346), [0.8462762397069198, 364, array([0.05146031, 0.01310894, 0.43614481, 0.21222138, 0.01857187]), 0.590941811983402]]
[(380, 349), (380, 351), (381, 349), (382, 348), (382, 349), [0.40425954163074496, 367, array([0.05728883, 0.07496253, 0.83004485, 0.01897001, 0.00189471]), 0.8501281619071961]]
[(382, 355), (383, 352), (383, 355), (384, 348), (384, 350), (384, 351), (384, 352), (384, 353), (384, 354), (384, 355), (385, 348), (385, 349), (385, 350), (385, 351), (385, 353), (385, 354), (385, 355), (385, 356), (386, 348), (386, 350), (386, 352), (386, 353), (386, 357), (386, 358), (387, 350), (387, 351), (387, 353), (387, 356), (387, 358), (388, 346), (388, 350), (388, 351), (388, 353), (388, 356), (388, 357), (388, 358), (389, 345), (389, 349), (389, 350), (389, 351), (389, 352), (389, 358), (390, 345), (390, 349), (390, 350), (390, 352), (390, 354), (391, 346), (391, 348), (391, 349), (391, 351), (391, 352), (391, 355), (392, 350), (398, 352), [0.17007905651222577, 369, array([0.10103773, 0.10982623, 0.76602443, 0.01107407, 0.00794817]), 1.0299186251380228]]
[(390, 357), [0.3219526708126068, 373, array([5.32570332e-02, 4.84725609e-02, 9.54511642e-01, 5.93882194e-03,
       2.56528845e-04]), 1.4617129564285278]]
[(390, 363), (391, 359), (391, 362), (391, 363), (392, 356), (392, 357), (392, 358), (392, 362), (392, 363), (393, 355), (393, 356), (393, 357), (393, 358), (393, 359), (393, 360), (393, 361), (393, 362), (394, 356), (394, 357), (394, 359), [0.4111058540642262, 374, array([0.06849997, 0.06650713, 0.86957532, 0.00659922, 0.00127364]), 1.3240142047405243]]
[(393, 364), (394, 363), (395, 357), (405, 359), (407, 359), (408, 359), (409, 358), (409, 359), (410, 359), (411, 359), (412, 359), (413, 359), (414, 358), (414, 359), (415, 358), (415, 359), (416, 358), (416, 359), (417, 358), (417, 359), (417, 360), (418, 358), (418, 359), (418, 360), (419, 358), (419, 359), (420, 358), (420, 359), (420, 360), (421, 359), (422, 358), (422, 360), (423, 359), (423, 360), (424, 359), (424, 360), (424, 361), (425, 360), (426, 360), (427, 360), (428, 360), (429, 360), (430, 360), (433, 360), (433, 361), (435, 359), [0.3643635159925274, 377, array([3.38734142e-02, 1.10684761e-02, 9.82589687e-01, 3.02689577e-03,
       9.64596559e-04]), 1.5984295528867971]]
[(417, 370), (417, 371), (417, 372), (418, 370), (419, 369), (420, 369), (421, 369), (422, 368), (422, 369), (423, 368), (424, 367), (424, 368), (424, 369), (425, 367), (425, 368), (426, 367), (427, 367), (428, 367), (429, 366), (430, 366), (431, 366), [0.9548918037187486, 393, array([0.0166968 , 0.80468442, 0.1691731 , 0.00183765, 0.00106515]), 0.7443481967562721]]
[(438, 359), (439, 359), (439, 360), (440, 359), [0.7195329666137695, 404, array([0.09745517, 0.01166344, 0.9216969 , 0.00954486, 0.00443029]), 1.4834941029548645]]
[(440, 367), (440, 368), [0.5199715495109558, 407, array([0.16806026, 0.07602755, 0.69596264, 0.00307556, 0.00739998]), 1.4264967441558838]]
[(457, 362), (458, 362), (459, 362), (460, 361), (460, 362), (461, 361), (462, 361), (462, 362), (463, 361), (463, 362), (463, 363), (463, 364), (463, 365), (463, 366), (463, 367), (464, 361), (465, 359), (465, 360), (465, 361), (465, 362), (466, 362), (466, 363), (467, 359), (467, 363), (468, 359), (468, 360), (468, 362), (468, 368), (468, 369), (468, 374), (469, 361), (469, 362), (470, 358), (470, 359), (471, 358), (471, 359), (471, 362), (472, 357), (472, 358), (472, 361), (472, 362), (472, 368), (473, 357), (473, 362), (474, 357), (474, 358), (474, 362), (475, 357), (475, 361), (475, 362), (477, 357), (477, 363), (478, 362), (479, 357), (479, 362), (479, 363), (481, 357), (481, 362), (482, 356), (482, 361), (482, 363), (483, 356), (484, 355), (484, 356), (484, 361), (485, 361), (489, 356), (489, 357), (489, 358), (489, 359), (489, 360), (489, 361), (489, 362), (490, 359), (490, 360), (490, 361), (490, 362), [0.8924541165205565, 418, array([1.64314664e-02, 4.06136362e-02, 9.60729336e-01, 9.24133463e-04,
       9.35653918e-04]), 1.3675375573046795]]
[(467, 194), (467, 196), (468, 194), (468, 195), (468, 196), (468, 197), (468, 198), (469, 195), (469, 196), (469, 197), (470, 194), (470, 195), (470, 196), (470, 197), (470, 198), (471, 194), (471, 195), (472, 194), (472, 195), (472, 196), (472, 197), (472, 198), (473, 196), (473, 197), (473, 198), (474, 194), (474, 197), (474, 198), (474, 199), (475, 194), (475, 198), (476, 198), (476, 199), (477, 197), (477, 198), (477, 199), (478, 194), (478, 199), (479, 194), (479, 198), (479, 199), (480, 195), (480, 196), (480, 199), (481, 199), (482, 195), (483, 195), (483, 198), (483, 199), (484, 199), (487, 194), (487, 198), (487, 199), (488, 199), (491, 196), (498, 193), (500, 193), (501, 191), [0.11, 423, array([0.04686732, 0.00663638, 0.98394966, 0.00129547, 0.00126876]), 1.2276126022996574]]
[(469, 385), [0.11, 427, array([0.16989182, 0.78157181, 0.00727717, 0.00373774, 0.00446624]), 0.3653433322906494]]
[(470, 384), [0.11, 428, array([0.1691806 , 0.81109375, 0.00769043, 0.00677444, 0.00359005]), 0.471220999956131]]
[(478, 388), [0.11, 429, array([0.09922224, 0.90178955, 0.01165728, 0.0022375 , 0.00457223]), 0.2400926649570465]]
[(491, 316), (495, 316), (497, 316), [0.11, 433, array([0.19252192, 0.57555223, 0.07151218, 0.04811379, 0.02780729]), -0.3610222140947978]]
[(497, 290), (497, 291), (497, 292), (497, 293), (497, 294), (497, 295), (497, 296), (497, 297), (499, 290), (500, 290), (505, 290), [0.11, 435, array([0.13205067, 0.62346165, 0.09317822, 0.00423786, 0.0031458 ]), 0.6784607822244818]]
[(498, 361), (499, 362), (500, 360), (500, 361), (500, 362), (502, 362), (502, 363), (503, 362), (504, 362), (505, 362), (505, 363), (506, 359), (506, 360), (506, 361), (506, 362), (506, 363), (507, 362), (508, 360), (509, 360), (509, 361), (509, 362), (510, 359), (510, 360), (510, 361), (510, 362), (510, 363), (511, 358), (511, 359), (511, 360), (511, 361), (511, 362), (511, 363), [0.11, 436, array([0.09519431, 0.0628317 , 0.88172879, 0.00224756, 0.00267607]), 1.215393591672182]]
[(499, 195), (502, 192), [0.2901889383792877, 437, array([0.12165243, 0.01474163, 0.9505727 , 0.00251311, 0.00242733]), 1.480979859828949]]
[(499, 199), (501, 196), (501, 198), (501, 199), (501, 200), (501, 201), (502, 198), (502, 199), (502, 200), (502, 201), (503, 201), (503, 202), (504, 201), (505, 202), (506, 201), (506, 202), (507, 202), (508, 201), (508, 202), [0.33898699322813436, 438, array([3.23280197e-02, 1.23283593e-02, 9.71647648e-01, 5.95184819e-04,
       9.28898291e-04]), 1.240255638172752]]
[(501, 397), (502, 397), (503, 394), [0.11, 439, array([0.18117907, 0.11037588, 0.82045476, 0.00118043, 0.00145762]), 2.282840887705485]]
[(502, 387), (502, 388), (503, 386), (503, 387), [0.11, 440, array([0.21628289, 0.11955105, 0.6656809 , 0.00178436, 0.00501926]), 2.3656870126724243]]
[(509, 201), (509, 202), (510, 194), (510, 196), (510, 197), (510, 198), (510, 199), (510, 200), (510, 201), (510, 202), (510, 203), (510, 204), (510, 205), (510, 206), (510, 207), (511, 194), (511, 196), (511, 197), (511, 198), (511, 199), (511, 200), (511, 201), (511, 202), (511, 203), (511, 204), (511, 205), (511, 206), [0.11, 441, array([0.06461862, 0.16332603, 0.75769521, 0.0043943 , 0.00144246]), 0.9600518842538198]]
[(510, 185), (510, 186), (510, 187), (510, 188), (510, 189), (511, 185), (511, 186), (511, 187), (511, 188), (511, 189), [0.11, 442, array([0.12841793, 0.26066385, 0.64985591, 0.00741849, 0.00496855]), 1.4181369543075562]]
[(510, 208), (511, 207), (511, 208), [0.11, 443, array([0.14471135, 0.23628591, 0.69085471, 0.00220325, 0.00264468]), 1.2209351062774658]]
[(510, 215), (511, 213), (511, 214), (511, 215), [0.11, 444, array([0.12178477, 0.31450571, 0.1906153 , 0.04048066, 0.01483819]), 0.07267177850008011]]
[(510, 223), (510, 224), (510, 225), (510, 226), (511, 223), (511, 224), (511, 225), (511, 226), (511, 227), [0.11, 445, array([0.22025522, 0.26762391, 0.3303016 , 0.03007712, 0.06473667]), 1.1121617952982585]]
[(510, 230), (510, 231), (510, 232), (510, 233), (511, 230), (511, 231), (511, 232), (511, 233), [0.11, 446, array([0.11147734, 0.19859835, 0.11183829, 0.06163906, 0.03180765]), 0.28036491945385933]]
[(510, 237), (511, 237), [0.11, 447, array([0.17761543, 0.48310404, 0.1964021 , 0.04894778, 0.02019386]), 0.09650114178657532]]
[(510, 242), (511, 242), [0.11, 448, array([0.1065615 , 0.53307247, 0.06566125, 0.01821957, 0.01685435]), 0.005144834518432617]]
[(510, 247), (510, 248), (510, 249), (510, 250), (510, 251), (510, 252), (510, 253), (511, 247), (511, 248), (511, 249), (511, 250), (511, 251), (511, 252), (511, 253), [0.11, 449, array([0.095984  , 0.69372484, 0.07070579, 0.02260359, 0.01312502]), 0.04399163595267704]]
[(510, 256), (510, 257), (511, 256), (511, 257), [0.11, 450, array([0.10699405, 0.67459466, 0.12489122, 0.00272496, 0.00364217]), 0.8445214182138443]]
[(510, 276), (510, 277), (511, 276), (511, 277), [0.11, 451, array([0.10562649, 0.76966977, 0.05507588, 0.02799162, 0.00681483]), -0.10684207826852798]]
[(510, 291), (510, 292), (510, 293), (510, 294), (510, 295), (510, 296), (510, 297), (510, 298), (510, 299), (511, 291), (511, 292), (511, 293), (511, 294), (511, 295), (511, 296), (511, 297), (511, 298), (511, 299), [0.11, 452, array([0.11326153, 0.46118912, 0.29124198, 0.00695002, 0.00382286]), 0.71067965692944]]
[(510, 316), (510, 317), (510, 318), (511, 316), (511, 317), (511, 318), [0.11, 453, array([0.16964851, 0.25122051, 0.33150397, 0.01595026, 0.03730214]), 1.0693416396776836]]
[(510, 331), (510, 332), (510, 333), (510, 334), (511, 331), (511, 332), (511, 333), (511, 334), [0.11, 454, array([0.22157201, 0.23886473, 0.32890563, 0.03225522, 0.04712796]), 0.503263533115387]]
[(510, 375), (510, 385), (510, 386), (510, 387), (511, 373), (511, 374), (511, 375), (511, 376), (511, 377), (511, 378), (511, 379), (511, 380), (511, 381), (511, 382), (511, 383), (511, 384), (511, 385), (511, 386), (511, 387), [0.11, 455, array([0.24211655, 0.24685126, 0.54073032, 0.01271111, 0.01710323]), 1.3454994433804561]]
[(510, 400), (510, 401), (511, 400), (511, 401), (511, 405), (511, 406), [0.11, 456, array([0.12903081, 0.36839301, 0.42118943, 0.01296409, 0.01094837]), 0.8942653636137644]]
